1 2 0.0
1 8 0.0
2 1 0.0
2 3 0.0
2 9 0.0
3 2  0.0
3 4  0.0
3 10 0.0
4 3  0.0
4 5  0.0
4 11 0.0
5 4  0.0
5 12 0.0
6 7  0.0
6 13  0.0
6 28 0.0
7 6  0.0
7 14 0.0
8 1  0.0
8 9  0.0
8 15 0.0
9 2  0.0
9 8  0.0
9 16 0.0
10 3  0.0
10 17 0.0
11 4  0.0
11 18  0.0
11 19 0.0
12 5  0.0
12 13 0.0
13 6  0.0
13 12  0.0
13 20 0.0
14 7  0.0
14 21 0.0
15 8  0.0
15 22 0.0
16 9  0.0
16 17  0.0
16 23 0.0
17 10  0.0
17 16 0.0
18 11  0.0
18 25 0.0
19 11  0.0
19 20  0.0
19 26 0.0
20 13  0.0
20 19  0.0
20 27 0.0
21 14  0.0
21 28 0.0
22 15  0.0
22 23 0.0
23 16  0.0
23 22  0.0
23 24  0.0
23 30 0.0
24 23  0.0
24 25 0.0
25 18  0.0
25 24  0.0
25 26  0.0
25 30 0.0
26 19  0.0
26 25  0.0
26 27  0.0
26 30  0.0
26 32  0.0
26 33 0.0
27 20  0.0
27 26  0.0
27 28  0.0
27 34 0.0
28 6  0.0
28 21  0.0
28 27  0.0
28 35 0.0
29 30 0.0
30 23  0.0
30 25  0.0
30 26  0.0
30 29  0.0
30 31 0.0
31 30  0.0
31 32 0.0
32 26  0.0
32 31 0.0
33 26  0.0
33 34 0.0
34 27  0.0
34 33  0.0
34 35 0.0
35 28  0.0
35 34 0.0
